0.00000 0.63827 0.67146 0.49558 0.31969 0.55752 0.47345 0.67699 0.58960
0.63827 0.00000 0.34956 0.47788 0.56195 0.56969 0.61283 0.32080 0.29978
0.67146 0.34956 0.00000 0.58739 0.63053 0.63053 0.65929 0.51659 0.49779
0.49558 0.47788 0.58739 0.00000 0.31195 0.30531 0.47345 0.55752 0.32633
0.31969 0.56195 0.63053 0.31195 0.00000 0.46239 0.28761 0.60730 0.49336
0.55752 0.56969 0.63053 0.30531 0.46239 0.00000 0.55531 0.62832 0.48230
0.47345 0.61283 0.65929 0.47345 0.28761 0.55531 0.00000 0.65708 0.57080
0.67699 0.32080 0.51659 0.55752 0.60730 0.62832 0.65708 0.00000 0.49004
0.58960 0.29978 0.49779 0.32633 0.49336 0.48230 0.57080 0.49004 0.00000